feature_1,feature_2,feature_3,feature_4,feature_5,feature_6,feature_7,feature_8,feature_9,feature_10,feature_11,feature_12,feature_13,feature_14,feature_15,feature_16,outcome
-0.6059931908070431,4.318783473096552,4.434453588412289,3.299027039276402,-0.52081554920772,-3.083885016358362,1.6864462709652335,0.7971808070267956,-2.980095188824265,-1.499077689328733,6.476956705161644,-1.515131507944313,2.1153257494435573,-2.0556425084266134,5.893683983004147,0.9843619549776867,1
-5.632592598317257,1.8126922868529587,-3.424975149637591,-0.6107843063298135,0.04388363641008741,-0.6841679470043927,7.494865461284012,-0.2311191003161991,-1.5557118422452074,4.547339814409927,1.4439954567065962,4.11225994286958,-1.2555393540353181,-0.9802447194781322,-0.7676954601779671,3.10938640313752,1
1.3143693936652774,0.23940390571975634,-1.4452492725575585,-0.5326554745301617,-0.7882056504500456,0.6623429141337802,-0.09200553732219952,3.9258745192690836,2.8331222788477453,-0.6020804684914418,1.636470409558594,5.34336286836173,-2.5124918691480733,0.49946662059397007,1.394266668128092,2.088475531689567,0
-0.09432714028551858,0.17659269068892547,-1.7709498744206815,-0.07736466474763859,1.7580955363007014,0.04851833909498493,1.0189574550186447,-3.3284443572588884,-2.6539875219850484,1.1089781761625699,0.8838118477163668,-0.8993584720856768,-1.3991222462007307,-1.4254902794056448,2.289541722454371,-0.16433611535714854,1
-0.717663367245468,-2.4050456030128373,-2.539901907983558,-0.023897511830020424,-1.6343640893164593,-0.12226610454132714,0.7207052114546919,2.7549850818022295,-1.815223363532081,-0.3539237354629021,-3.056436014076121,-3.1329118442336408,1.1942305160917566,-0.3691306263847991,0.377199549457931,0.7337003110559994,1
-1.4689097719112445,-3.377078437295637,-0.8698446063527756,-3.349240359296494,-1.3747411203617967,-2.504175822921357,1.517897344333678,-4.261398560437749,1.6243805639904125,-2.9650877034099907,2.1916762191384116,2.108282039307979,-0.4992611813129053,-3.694379036955863,0.07434961345832747,-0.5297094813658285,0
3.5394836601048234,-0.7957587896896394,0.8407833381320846,-1.1224742157027485,4.434476216412419,0.25552061976162066,-1.0852321427314329,-2.181504372261358,-1.0067053761786777,0.22050613197134528,3.5824048585905945,-5.578354344502322,3.733122915396044,4.81582952407124,1.3095897310850564,1.0370154241605816,0
-0.19992625345303872,-3.7034888120961265,2.8531438115989163,-5.436883397143683,1.0004686374399032,-2.3335720778879523,-1.9919285413586334,4.9381156825261705,1.2211351031118256,-1.254755460900571,3.7400594691418534,1.830449291466814,-3.231767294038008,1.867615798297124,-4.023851319055522,-5.36596873861843,1
0.8670944325448389,-3.5861825016700815,-0.8479652548820977,1.923299700318958,-1.952358055310743,1.2154580679784937,-1.403549717057547,2.5712565506870773,-1.583050235626803,2.5979366859533797,0.8060065704038737,2.626773302258516,-1.3581493796935473,2.9499831551458024,-2.60571494034942,4.090676136598967,0
0.1508274723779951,0.7119286179724076,4.146687290159141,1.234261688400721,0.0495059008478389,2.2938473843978424,-0.2034437773138983,1.237730723470154,1.3183137885483223,4.510421884968892,3.014701885340672,2.940171492687065,0.582977487327343,-3.365703015548795,-0.5107650310024161,0.6336391525937551,0
-0.6317340218838121,-0.5028118596654642,-1.2881000794705113,-4.182217420827483,-3.147709361749878,-0.9833827327164382,1.2820320001163346,-0.9704199811484562,-1.286242324228152,0.30988800384768533,-4.231723234774684,-0.7152686320309039,-3.326256761405343,-2.763746454697354,-4.320856319455658,-2.1565976209118114,1
-0.03826573967448621,-3.129810695255037,-1.0391936528509178,-0.09078868819800934,1.9169494120737933,-3.0355175698288814,-5.330211606529969,0.925270878282539,2.240148014122118,-1.0158079738984835,-0.021522779078327448,2.836761627346643,-2.107038772910506,-4.216757185690243,-0.45075544096289133,-1.3790391720837674,1
1.91011415691095,-2.792581929530655,-4.26537857624357,4.104015047927916,0.6452339910105495,0.2767079973409503,-4.466518034638389,-1.3169419512187415,2.646054687977011,0.4193773420199416,0.6487870631121997,0.3798762378057179,-0.45339270872437676,-2.1507527085544305,-1.6461769263779873,2.6833183488236836,0
-1.463231507904644,5.7450677884243415,-0.3084122867726413,2.014089273853968,3.337829104482623,-2.517808878082628,2.762787082832222,-5.199351875218843,2.2355232094443354,-2.973453092661945,6.413749079738717,2.6865592510299994,1.3206952496991646,-4.025995121902156,5.9385091193812665,5.334818530655485,0
-2.9110165816226594,1.6195383158150318,-2.086294194548201,-2.9311484829707846,2.2979716344266556,-1.0736323913386387,1.4712811549759945,-0.2991345504502154,-0.2664788944853562,-1.0419995180407768,1.6534652095313804,1.4271997354555985,-4.593225355113447,-2.608639253055113,-0.09998976689236949,0.672307537252774,1
-1.4457931276859495,-0.14062166244701269,-0.3552694364668785,2.0321426970536276,1.5430028735420676,-1.029483924582364,-0.6318411154873963,1.2618027456585357,-3.2929604706998963,-1.7121499242484353,-1.8110799785899463,-3.699348601997303,-2.409118812624235,-1.991612436205407,2.040688123770001,-1.6743923631400013,1
-1.6388170942506757,4.3939748242203756,0.586259282504318,-2.1644340915812115,-2.219279760640906,3.4327506830995507,0.12568586194621445,-4.2336382526804375,-0.2545163038386078,1.5482664270677842,1.263459246452186,-4.012879438285875,0.40430199652124177,-3.9384502146902167,4.661751507218878,2.358445464859922,0
-4.1655096929536395,1.0148001156266362,-0.6737490906253765,0.3340737099443156,1.6360424316245583,-0.5459793248026429,1.8998580431168284,-1.62083697923951,3.1016734646669875,-2.7501227731021958,3.57123431917084,2.14157099336336,-4.247785888935171,1.973372672102946,0.5257945648513958,4.6260507282404095,0
-1.117392157618135,-0.7300018579718919,-1.5195418256540147,2.818011891672191,-0.3685154540327993,-0.21025842702539033,-0.5139200384703415,-0.10230726116219802,2.19501160950036,2.814988890445598,1.943396828880669,1.9455193773723272,-1.928630012775356,0.9366764069349149,-0.7603289276938784,2.810138526901893,0
-0.5921388409199613,-3.053948261968639,0.5575118503244052,-2.021154838116357,4.399153034464341,0.7331187961897483,1.3021093212422619,1.7698794625245542,0.9547417363728825,3.926484380217706,2.3340166231818835,5.979235260913509,5.230802488268772,3.231811953701415,-4.6011230498302265,-2.3157547893183716,0
-2.580964154546816,4.899123100068767,-3.4872522218333657,2.841481565753138,2.717103323975685,-4.074934760677871,3.78568249357252,2.408331446177015,-1.9556622096297491,3.0718312350640398,3.5231449356951883,1.9372003308180723,4.00484110414847,-8.685946846509271,-1.2572971093310836,2.348680364488352,1
-1.738736356658614,-0.7977947820936531,-1.6453053748022501,-1.2773760116400168,5.095064830350343,0.2968631988221093,-1.7693354564750856,4.621551526065948,1.6494205556584896,0.3921049917969981,-0.922773888664,0.17490370691271917,0.3236803667453205,-0.41769460390789304,-1.9238889265083192,0.1753063683493129,0
0.918416940011477,2.9888213099272116,4.393923809840075,-3.825175909228844,1.796696492406752,-0.7146883185985163,1.6901702001880499,-0.9208669837295493,5.641707525382859,3.2252321266226947,0.20724313873681366,4.197387344297847,3.1360344673351968,2.3279851616283307,-2.7391668074968294,4.674402011886921,0
3.2822467520834824,-0.20852223907816358,-3.163073104664928,1.4296083139917468,0.8036518223557606,-1.552158823259947,-2.127351045761675,-0.8953876212747629,-4.930577162656523,1.2272194185313516,1.0945904976320613,1.0004894448626631,1.7341239845642007,-4.162886670444713,-2.3146288347741697,-0.6911571142883688,0
-1.9453547566987934,3.932130600209848,-0.182143626449901,-2.4066065816711335,-1.311657115040925,-2.4043620947953883,1.684765126126449,4.163111739320719,0.1868645088246106,0.8926419160276009,-0.33815049330566316,-1.8522925837960977,3.836865442242722,-4.93225979347125,0.7915394928121315,-2.809888023382212,0
-1.8371878729342712,-6.162605502678931,0.8588764000853375,-2.14685529140312,1.6359650017853549,2.745077200669978,-0.4899024233682334,3.49313622824512,2.9760844831859448,3.789004667369869,1.9483558635733589,-3.040625776078636,2.5550674714326544,5.015979588739444,4.729225281989472,-0.9789473635113694,1
1.7678050288611435,2.6636767214665666,-2.886225235904038,7.48512238106011,1.9812014809901732,4.103582789427563,1.3642403173725732,4.279201569053895,-1.7703860502412874,0.5648005276845987,-2.0103632130391547,0.16114211599405515,4.274632543639131,0.47157598992570915,0.00824626275842777,0.7284859023852736,1
0.07915907050090254,2.8432199235587703,-4.850100740397472,0.15125587419151543,-1.2244453877860666,1.9798252986704599,-4.911293962115368,3.9688147592607352,0.11754777412609296,1.907256611363938,0.6151733853912054,-1.997477597329075,0.18633435870986104,1.6295132069405436,1.3936176663898672,2.040821189798222,0
-0.9593186312032748,-2.5301989241298224,1.979856628441591,-2.398335561337748,4.5948239514986575,0.39046989869043447,2.0822847899796226,0.2984181991690329,-1.029034599275238,2.5089833568028874,0.17456674534306327,2.472845519226839,0.8413527661167957,1.1362621236950399,-2.164728014708168,1.8401116326182696,0
-0.7738896421997665,-1.1920390342293352,0.5413869895322747,2.6227987549814435,2.320470501772081,4.430538355380777,0.19384469411247052,-1.391849473349866,-0.13777826992976816,-1.8002159704847012,1.2471171286608387,-2.6228993746519995,-0.11269542619009598,3.440294981615598,2.463831937944846,-2.6385380505065594,1
0.6113193359718665,-0.23849121415221508,1.503550811291784,-2.2969501805357853,1.5438542645691564,2.6245363480240624,-1.9105490200219992,1.376256430249129,-5.767326041287163,-1.8444243457243101,-2.9299359634914652,-1.7165730446400134,-3.5057079346159794,2.3060836909459987,1.031810717896048,2.957605534092531,1
1.5135012898385294,1.141366207554849,-0.8378711841334341,0.9421712570079197,-0.49629029072950814,4.298959488328032,0.2623915766470951,-2.7327754741667687,1.8491144528156855,0.7154050344424692,0.22335998522694878,-0.9949321740788635,-0.47573253516804614,-0.5849502065276548,2.4239541905654303,4.831071725754805,1
3.143036310002986,0.993172419948117,-1.683205792740344,0.4406535383614467,0.12522678425224787,-2.0239583904489122,0.6658488531337596,2.1920187325819196,3.277932799395287,1.4489045674557786,-1.4576081500269513,-1.7410919811910532,2.665897734107247,0.6253101743311589,-1.8536483833211577,2.5877117807407477,0
-0.44066288317635527,-3.284533993757313,1.6155899238764375,-0.37329590766167176,3.5457720442497522,-2.375803240386243,-1.6290623600194118,-3.6398061714147607,1.8563935620097447,1.601169147735618,-3.1181047343434596,-0.6155937275459318,-3.4328930812211893,3.4687462685430597,0.36153903024240375,0.5601195777639952,1
-4.771705109254075,1.7401719036032541,-1.3716597989157568,-0.4493042739852089,3.163338741468124,-2.3008125518496456,-3.056768059156548,1.5720127774555128,-4.417158227928062,-1.116544472216966,-0.5348427639173607,-1.5738668003207392,-4.15984690425986,-2.0478950889162553,-1.677358709624234,-0.8762707243099228,1
-2.0626963976392614,-1.7688318617813932,-2.028191887904223,-3.170701457507165,0.9826815654586113,1.7718529332141262,-0.26628246192801575,-1.7385839996015706,-4.325659908375828,0.03331509793627663,-2.415150070256675,-0.906421807530449,-3.7461327974552625,-1.0184254499120637,0.09626498436636166,0.08353496005339123,1
-0.4008642921077943,-1.6584028814996632,-1.11684145077813,-0.895020007120904,0.4304880128073849,-0.1645105376023026,-1.5827672340536934,-0.19255947821221442,-2.1766378460605225,3.4698325572715945,2.0216418229381046,1.1331682126050127,2.5687452175888392,-2.194941123485032,0.606201726271621,4.656940020514233,0
-0.19859655403755672,-5.352647898993908,-0.9926055033888588,-2.3597924083733877,1.8814576480292624,-2.271230556917774,3.5030048533178304,-0.6599200607223803,1.0241300639324997,-2.1810877477777844,-1.7200161815273516,2.462197171471165,-5.5313819823158035,5.7758400109451,-0.02722047522112314,-3.952247789600416,1
-0.308224656828308,0.4427552284458851,-2.1775180379518577,-1.7073793765645813,0.29722765336405277,1.7659149396301417,7.585638842144515,-1.2220385777631733,-1.7347241538960292,-3.4373036516126474,4.057816362193044,-1.810488257642635,-2.4813134881855565,0.5767195726836346,-0.6296135214156502,-0.7519903179427074,1
1.505706102346287,-0.023169166874159486,3.9855238098090973,-0.09630990476323587,4.06583423301436,0.6563756078381301,-0.8052761047285852,-1.3287397070356393,-2.0986708366009097,0.22782348648220363,1.1984294963894773,-2.485285998496173,-3.40482231757634,-0.6399607940328486,1.8108910673124692,0.06463195365847751,0
-2.780901884852708,-2.9121836653962734,-2.798650733812374,3.509347487978469,0.7634369914865679,6.3946456166192425,1.2616238704990477,-1.2521443468784197,0.3170737522439564,1.4661696795170898,3.248408979465636,-4.027374353913578,0.9657545670520784,-0.8502732465401057,2.82506100752213,-3.810515976095184,1
-3.297062219884567,2.4441186821968,0.7118510925550798,2.9831744231987667,-0.09264813740400002,-3.120301357543617,0.617517314576673,-0.21959301136540532,0.10923917028462116,-0.76595931987717,3.129132810458675,-2.78920999122459,-2.6546238438870358,-2.2658859715402437,-1.0172825370250922,-1.035168900148511,1
-5.123955324783836,0.23443850336819616,4.032440243935991,2.11191686058823,-0.7690916465962538,2.03587998174286,2.9880457376956655,-1.261958835035617,2.2217462582333694,1.701283916918824,-4.8373261298931,-1.984117113687501,0.6306490744700248,4.7522424584775,0.01478466849300375,-0.15927893437821194,1
-0.6273799832624694,3.1298567883375528,-4.87099868693039,3.6954627334193617,-6.496994838278668,-1.5511968817560016,1.60955366529506,0.7754282661471246,-4.216526413468788,-2.324840147045458,1.0119463037533314,-3.421318632907612,0.7770289439734608,6.172147628071586,1.0851752735936486,2.9989536980507707,1
-0.5517040903673083,-0.13543857490288413,1.5083130733696049,1.7412169121422587,3.4353259701504,0.7249297411265156,-0.3393239062311637,0.22513643900853664,-0.8249864840695165,-4.149304246459867,3.6349453769982714,-1.4065391250394454,0.8150459707674587,1.0587551487581663,-1.107271468109452,1.1847552383501023,1
-4.089577904538755,0.7958589129848974,4.499282860535143,-1.1924964645846448,5.871453172995123,2.877932244139103,6.560672418936724,0.10598757713142015,-5.193190560116465,4.143182443962669,-3.3198762977726815,-2.8248838374931573,-2.9137013447066993,1.2357817119437315,2.4680937634413382,1.0178330726415687,0
-3.8127494207114108,6.3949194749617195,-3.4617193846934495,2.3025344373195673,-2.008014481574225,-0.8777743587762843,1.0772205339195193,-3.509688240735719,-1.7280906083881022,0.3053872254072558,-0.06525506831726702,-3.83669891293808,1.2029088318576804,-1.5326973366636998,0.5575682825298711,1.3746620331890331,1
1.1706695561933442,-0.679446373262274,0.1085862330263978,-0.10307252931074373,6.050702118026276,0.3350415592624689,4.936932178696951,0.7544803572807545,2.4772260604862346,3.6171474003968513,5.305418211288677,1.0975737045483624,2.9614348306515033,-0.21734600385871827,-3.30777619897884,1.9768738897307718,0
3.620583664122525,-1.7403310393836613,-0.8886404047941063,-3.02295086737492,1.0650873403812675,-0.558802671622278,1.0598630948936079,1.2440075515633748,1.0520231287765718,-3.3977528644057053,-0.8329491099902427,-1.0993091117279306,-0.7939385985954895,2.597028539668112,0.7877547264215912,1.2416610953260099,1
-0.4599925148743722,2.3296131671185236,-2.945645751386743,-5.932549805422012,-2.027338592501353,0.5475697099414085,2.546656147827174,0.9176179390572506,-3.8059547211419105,2.6335099188936666,0.8893823575843963,-2.7977274485359342,-0.7566411719618458,2.3128525338214887,-0.6500609011965697,-2.1344454521415956,1
-0.8506859125678741,-0.9422299466161352,-2.016605160775015,0.0901354773637546,2.1547135001230853,4.758546648885805,-1.4101127293877331,-3.2088426964788863,0.14112423901085513,3.917783314351242,-1.4821863047781196,1.0904405777145092,2.5224476846721067,0.0827582308356043,-1.3563485053389508,-0.4882980176801768,1
1.519223099908632,-1.1044162171957577,-1.8975686775253795,-0.02642223276862299,2.5076227236592015,-0.42215115539351755,2.784873260518951,-2.4514504323936874,7.944327649685129,2.223916947553383,3.48217519638223,6.190678168476702,-3.9093769343483418,-3.9768033847473006,-4.673990738942078,-0.5216514895403108,0
-3.3158515471305656,1.3438847652422456,0.9381960276640456,-1.2064898695463229,1.687914400367056,0.4050597042085393,4.7053996305158226,0.8748127483860966,1.5381210553845932,5.681839996613849,2.4665922871168826,-0.6840530338512345,-0.05550416211837428,0.4462659150294117,-1.0037474658319594,0.9160896021093987,0
0.9778636518439539,4.940355391731792,-4.083498851067097,-3.06932266185461,3.3145025409042255,3.6230448406683164,-0.08643019210103842,2.314933207905712,1.9626947362054161,-4.520663912060538,-6.241872481019424,5.562339086067197,-1.5393042837613695,0.847940041620389,-2.58108882434305,1.5805205709559922,1
-0.3067201818581472,-1.026134582162293,0.008469128443114649,1.1899107275810161,0.11953214826129743,-1.4025890119987694,-0.6866215670812529,1.5006374174443076,6.6440112138241965,3.927473062436504,4.157201032088971,1.2781611811612934,-1.5354595866637575,-3.7209430198791544,3.4139441479855392,1.5571674169957952,0
-1.4186397838882343,2.7263198742482855,0.5453429747097531,1.5820944391670735,-1.2869932706217648,-0.7411171285869121,0.8817102387096203,-1.610665335221406,0.8532840471849383,0.22100142752113228,0.39958005200531166,-2.1238540221056823,4.490192919922999,-1.8655040858507075,0.9455289578210497,-1.7420725508479258,0
-1.7089408663546863,-1.938621792847052,-1.027150965873777,-1.9452798609623971,-2.4628519383742558,-1.973549964243217,2.5575037846612974,-1.3531359512775922,0.03985035959875072,1.0036614220646256,1.4169254240333975,-2.789506490966439,-3.1021502401045855,-3.564767212675833,-3.7758242142304397,1.498113497842435,1
-0.6089288440576979,2.0427854645969603,3.398117137422358,-0.8470492217153064,2.206559178316538,-0.09144425504531617,2.661270603181239,1.4045497930292163,-1.0538612801104517,2.9445261057453465,-1.618028473081647,1.6674398285278804,-1.505277523504715,2.9494450776226273,2.5090606370624475,0.9133816895314464,0
-0.15485993971056455,-3.029183096810062,-2.3890876432138914,0.9940698304113855,6.297329772613848,-1.579627832801164,-1.0158141487727268,4.169839110778857,1.812515499500023,1.3527959105341343,-3.1268668346439514,-0.721418480758228,2.620057123774036,-2.734308316638619,-3.1384704718948293,-2.596906368874935,1
2.959087343599277,2.1958433679934384,-0.6486152411688956,-5.872743040918349,1.1411425265444852,3.8308965173450567,-0.7793831414049677,0.6414674399171795,-2.2993636162290576,-0.05516572511296314,-4.4763032988425415,-1.1981727324854436,-5.942698941799281,-0.42094478585274464,-3.3518112765812544,-2.9695742381412735,1
-2.668132854555486,2.602943338258914,2.9443227394659366,-3.3236352047051385,4.423094693849256,4.226337586311076,-5.320904917278023,-2.7087823201044374,-4.155954954541333,3.26731718619699,2.4622036617075653,3.442480324051788,0.8059237776435731,-6.216962897185599,-0.14893469992397046,0.27056185584379866,0
1.5704666662775604,-1.152918506531105,-1.4481334015951266,-5.786438048211385,0.579584517925425,-3.1041278099340275,-2.1177959550196435,-4.542346995784758,1.2517149311908442,-1.7104961697699146,-1.1672198156169187,-3.3543632189994543,0.10818457829288852,-2.4320809074585497,1.726603666272052,0.560390768019799,1
-0.019554472002103807,1.3794751619213006,-0.9063412495224593,-2.7178128699784825,0.7304837186447358,0.023694932103725086,-0.6601818879527621,-0.45278607468041576,1.5810829817849625,-1.5523132131494826,2.0760292636119595,-2.71119571901275,-2.75248050808573,-1.7686149601874686,2.254653366567887,0.07398367474854795,1
1.7543016905696884,1.5706106085585656,0.5770408479466242,0.44329147752186815,1.8909738580491693,-1.2951877198281745,2.9410666970435573,-0.5854471003847832,-3.6211194622273917,-2.841110563581667,0.005880231591640861,-1.1653897389475643,-0.3726927603751262,-4.167920732917305,1.8582534573257585,-1.6654749638861688,0
-3.5231164749970723,-3.8897916070246894,0.09420597874078696,5.982916623544658,1.6959800221035068,-1.199820828005856,-2.455129988517222,0.6727125046559741,-1.6410328869628725,0.43365376191371685,-5.302126584724068,-1.4581386239924878,0.4064124295908118,-4.331216549724953,3.4579813371582944,-0.7162920922520153,1
0.2763388936494764,2.2753892963833873,0.9954627926052397,2.118026790958181,-0.48998094144650417,1.0518680321748697,-1.8561200212281643,1.2584492017899955,-0.6333489658230129,-3.399170123058712,0.8566934277625375,-1.3793565269507655,0.5778594048692522,-1.8211753791567327,-1.2239206230407427,0.3371747167736614,1
-1.172751075517485,1.275205745959941,-1.3328049025359312,-0.15590236226376009,-0.34331790646375393,2.2737932122136844,-0.9433949989617327,-1.2735125851027629,1.2041212278105202,-1.0232401363836625,0.6143326174704995,0.17869905836393774,-1.3537344675999958,0.06329114520764523,-1.1867309107655346,0.31491601039841155,1
1.5517899776784716,-0.26752613143347026,-1.8094905484297126,-2.5266033287081955,1.2693192626445147,-1.0848950518510259,-3.1706221494779463,0.7608452904368533,4.115968458973974,1.369985877848198,1.8073690916925953,0.1294367060372359,0.4058832517460568,-5.384499374830783,-1.0305740142111186,-2.1395057595274856,0
0.4781391389018044,-1.7824346662654214,3.30665838258161,-2.696236503350486,1.5811502378153466,-7.588604325398206,-1.6455781881023195,-0.05389596555478726,-0.24082067090089054,-2.2417892113581943,-2.109215933088744,0.5675635093900808,-2.3372563340712227,2.418682252128521,3.995645455682671,-2.2480133766670827,0
0.5018602529953018,-1.2695722893032926,1.9032954988952855,-3.435120226937361,-3.3332295272246215,0.39949382123165555,-0.8277841580872318,-1.8512402089844535,5.5773262222014575,0.33884902212194,-0.07083804258524973,-0.08884302957576096,-0.2334648213904318,1.737291359832768,0.7200065171026688,-3.429859862070197,1
0.3892221852535067,0.4802081456738363,-2.5575041206646003,-0.5424054097361246,2.5297373537676786,0.7869605893974992,1.0502007527221215,0.16016798257714626,3.810998866123203,2.271682226072947,3.709730273811628,-1.9304363199033117,-0.9349989885887715,-3.0291193860465992,0.43947483093862294,4.47902033450743,0
-1.32057119348892,-0.9136839700901944,-1.6924188364659525,3.402212315818339,0.11378721372358302,-1.1211522648608616,0.3458532285658622,0.7154276695940435,3.7680856514261665,-0.02926118064858918,-0.7954084906789936,1.5121936854811304,1.856906210119095,-0.5920261460828358,1.282486095298498,0.502613737706052,0
-2.106397575303748,-2.916131870376152,1.8104364120199783,-1.4239267222859222,-1.3204665952272925,-0.5746165823650848,3.0091095181647693,2.338775705095891,0.04082644275126679,3.4809633556326376,3.5746585722252737,0.03156828208279172,0.9001004391576625,-0.2528141014473313,-3.0949497782224156,0.013074445037217552,0
-6.38966786428762,2.7269040204978565,-2.4503670682831977,0.5797621311790593,-3.645798487685111,1.4924873299256294,4.498449999207179,-0.8182533915147445,-7.612140314064105,-1.921676090416174,1.683271319883879,-0.5123728253033535,-2.5539162792561876,-2.637593719786927,4.200208813528198,0.7451498389277633,1
0.1503779391273583,-0.46852383210022885,-2.950743040496442,-3.747109420234581,3.801876842189569,-0.4712987851302921,0.6794081107855404,-2.396427050759878,1.4601150223118675,1.855350891767086,3.6610561722974686,-0.2531811590826345,-2.023309901365673,3.4024587006685727,-0.7782602414220192,-2.2355156637862805,1
3.171706367995674,3.1346249577270617,1.1487445162878478,0.6686342500629798,-1.7764901414432055,5.117575346461975,-1.6585376296025633,-3.1367247007463432,-5.217574243588455,-2.6156870536418344,0.7601553734792057,-0.36977837994365126,-2.8801067186085207,5.924669345699994,0.49968645154891544,4.648046627921195,1
1.675955403335276,-3.689045346279886,-1.237960353992205,-2.1210349289085997,2.672404628001086,1.7764064356271634,-1.3781100540084963,-1.2978105032883538,-1.7531815930240175,-2.548633191257261,-1.967865515166619,0.34200047700456326,-0.7167549830221533,1.778062051397883,1.0444724796299583,3.1564211288777213,1
-0.3314204942480383,1.4455068024004034,2.502344064741675,2.3879471508615513,0.8860374684250538,1.47036939918251,-1.8954279053410974,2.7780191904739358,-4.888027789466363,-0.36479113654778805,2.064775456156714,2.3809660469316976,-0.10665646150370667,5.8253647171479495,-2.7660535432794555,0.14214471340959156,0
0.29907568617799396,1.2111129890294423,-1.2755478348144424,1.4662474686885922,4.86279397255862,-2.0679965284971034,2.3566407854252525,1.8452119310093051,0.045079232928622925,3.965539221337347,-4.670106753748486,6.1239307627230195,3.2524115647726237,-1.9921568650037673,1.8393791630720278,-2.236564896158053,0
-2.266000999973188,-2.2542364997795428,-2.3953025834774486,0.5308059248289096,1.8745479753613172,-1.2341985615391993,1.7318323434280938,1.713564070035718,1.7119328446156987,-1.1954356306683271,-1.3791881237471988,-0.06850652886359487,-2.684292698931067,-4.53547211850404,-0.08413764802369483,-4.5080196140211175,1
-1.5131631089350615,-3.4735505710064607,1.2435086314153465,-0.7983206637092262,2.4167545471579572,4.032451997553274,-0.13309741524876761,-1.172510606838411,-2.4045902701224238,3.907177165188705,0.41803143041060564,-4.8744734222406585,-1.9417417912202517,2.0684404907576983,0.8894148930110545,-2.2773286788425997,1
1.7707503674722762,-0.23091921136639648,-1.167488716373385,2.6604566447724567,1.616019334761816,-0.8621453035100358,-1.8963429240388812,4.971406937580252,-0.9815758229085669,1.7341383225684992,0.8753725945911037,-0.29173936231479614,0.657646312149208,-0.21463012284320127,0.7653271203664165,0.5458422231195008,0
1.8909364417959,-2.155078640327206,0.9795070929478547,-1.8182828920573457,0.6724833526425948,-0.4944439057200436,-2.6098745380362436,-2.8886693554172496,2.9799621023685647,-0.9245251357071519,-0.841098014693255,0.004774917463141515,-0.4817333460114386,-0.37700014313734487,1.553742139516968,-0.24187597278333794,1
-0.9431308157886009,-1.7682310170926394,-4.584373177163122,-1.0775066150572679,2.266241210106866,-1.7644475030951878,0.2892267141636107,0.3370159468344719,-4.112675212096307,-3.7505826990392563,2.480441776731134,-2.4795507288228444,6.972919753433565,0.06526683525736376,3.559321107520248,1.248533235771144,0
-2.4438041221989306,-1.5686662984884903,3.6268662919226076,-1.7747800660137067,-0.8356372217756967,-1.3050387448694867,-0.8218806035037411,-3.8473884071343796,-0.4217705754131218,1.6333866723661825,4.442560212789001,-1.0105424776795313,-1.4634358375656813,0.07015358600000199,3.510921977922718,5.4191725290582475,1
-2.3986966948308077,-0.5609221053018885,-0.24682618329366623,-2.263522312677858,-1.615468279007417,3.576450639022901,1.4089592904273442,-2.0979165542824214,0.5079880619154091,2.7085698448387645,1.6143806162884344,1.5102255721688675,-0.6752435841621602,-2.218798117214642,-0.8166015680442469,0.0006308220461190839,0
-0.7499634616744606,-4.446513062378418,0.7352931022274558,-3.1898806523635406,0.3509568714619482,2.8835516917541617,-2.689650243162948,-1.3553275376318423,0.0772020379220717,-3.311971247640656,0.18848733074822432,1.7637414246510228,1.3162506966918506,3.2933298655712533,-1.1792783684776662,-4.654036647902496,1
-1.4271440796042456,0.7489644771004578,-0.0028180791721904574,-0.8340141218666824,-2.90772936476664,1.9920137638052438,0.09183813999563917,-1.7527851613245464,1.0760776101343772,-3.531381949177377,1.0673636751627573,-4.62724092462497,2.571375764881246,0.08888534111702351,-4.478065881688663,0.3326733083321929,1
3.2134641994451405,-0.6628014638253827,0.9608320991586028,-4.1723685048714465,-3.262957119966496,-0.5945865143436453,1.6198989553273497,-2.3913908114579945,1.4512881901418029,-0.45634072144764437,0.9678946407377065,0.3918068135079017,-0.22473900711119432,0.8618247700935986,0.35902679674307514,2.8623032361019893,1
-0.816590514769695,0.13054171854662888,0.35497246958400497,-5.008016271649815,5.183998712456733,1.7405008348506508,3.744459124423826,3.0418591817950094,-3.4084531600303385,4.455083491323425,-0.9326581184294491,0.5710743375615674,-0.375403577707464,1.6554769210779035,1.164381949642093,-0.19421947996186228,0
-2.5953659742170796,2.321501715908238,0.7121410133025616,6.62299512578257,2.3638117765089817,0.7699549709391189,6.721927029898808,-0.6932411262165321,-1.9475069000929874,-0.44686952874869856,4.984428823907077,1.5785776001891083,-4.616862657108349,3.154896298375068,0.988633257035572,-3.6879448913020374,0
-3.64956003435621,2.07538069047309,-2.1269271296423016,-3.229685096215025,1.573720835855128,-1.0202198549660952,-0.2842255090874706,-0.08476056480272554,1.8025119798555564,-1.3058593618032497,1.5190740908793394,2.373715782470049,1.0605432162011557,4.128001009969512,-5.055421351752022,4.165298200136565,1
-2.2701962126081567,-3.117788133890336,-1.3685273664402124,1.1300309203677252,3.9298510145739387,-2.3609152984102533,-1.9563355291878373,-3.8048006335556686,4.152856511957955,0.14880789155100094,2.5402736027421007,-0.43550888580160907,0.9939491760805673,-3.0366814996001747,1.6633352148751621,4.9274587649078345,0
-1.8079161706540532,-2.3417913692850343,-2.313497762674338,-2.6508004186942316,1.1428325070256111,-2.762740243202252,-1.655657148669277,3.1280197807605403,-5.134837008082508,3.2006101040297246,-5.963493186336635,4.551545991950718,0.8380363311096966,-0.6484738857543684,-1.5554458733215628,1.666743064480619,0
-3.3757114796681016,-3.7673746815873503,3.1982587434380387,1.1270055270273254,-0.9469919198355056,3.0507718508979704,-1.0639148681405863,-0.399631239708762,0.641111860227517,0.4677748041421175,-2.35391008832174,-1.19001084358228,-2.885504711417947,3.608196183478119,-1.1322422543600064,6.340920109453706,1
0.5357178325064427,3.0037503186491645,4.0127696027353785,5.602309702709799,-2.506430750446303,0.9174345089179974,-0.7447314798153615,-3.479702592004175,-1.2056459544990425,1.2054101169814482,3.4317887511103953,-2.0812435572628685,-1.4275653348358381,1.8915993681749779,4.461826627094157,3.7731275542638496,0
2.040836520178664,2.038295329736419,-1.7727064345399843,0.4553684356976442,-4.8132322908553835,-4.945490487604495,-2.9883176744857787,-0.1241145731874127,0.9257038714576455,-0.20253697859721842,-2.4480758462027676,1.6580740849992157,3.4204237871213015,0.8699358534624166,-0.05167980446294984,0.05618552888072825,0
-1.654357001834451,1.5479361753360057,3.567999798289736,4.421324464238689,-1.5404886968338243,-4.0476768963725345,1.6644474399224647,-3.4114846003298416,-2.049729914977585,-2.987657830340495,3.295093900010025,-2.92915619500263,-3.917043262004188,-1.6799920200998633,-1.008151912141309,-4.255932447438856,1
0.2664447189855663,2.622383603609937,-0.47599568207978304,-4.0199614100565695,2.628821598552875,-3.5865083078118394,-0.7132925617717663,0.9482066653469254,-2.727043780230707,-0.7027039731398714,5.017211967273908,1.7115858758300528,-0.1806377818317707,4.412213557616335,-2.36381632547046,1.8125352594099038,1
-5.680225214132218,4.711608048876565,0.9603923030959665,-3.857142523106867,-5.2876774056920794,2.212259711127436,3.586379821969593,-2.1425633599285807,-3.4115703587871073,2.8502402969106004,-1.3412444963224086,0.3372564581091251,-3.359501329596152,-2.782759810290327,0.3408279139772272,2.466071269426248,1
-0.4309243684623755,-0.3856534757840011,-0.774375775063368,5.273253703550395,3.2696360812182372,-0.686356721033667,2.8503683259269144,2.724715892086812,-2.9565271448275716,0.38464819254583227,-0.8669238289275931,0.986015526858338,1.0423818709431119,-3.761630895108,0.390831271825391,-3.833492943072586,0
2.0525876950899002,2.035323466772997,1.2246105518273798,0.8299442896312073,0.010276729023321107,-1.50210819505069,0.7183488326637297,-1.0395433003284293,3.308248901925671,-2.766312663616849,-0.5973553406062206,-1.7635071537505693,-1.8402780851062999,-2.508373091662415,2.571825059717682,0.9378825288524563,0
-0.687247459659126,-1.5094187304473823,-1.1865288261793214,0.9650039988860108,3.705459355937481,2.042828634145737,-0.5201840003259872,1.0093178193381345,-0.9601538990287847,-0.8517225947457896,2.5465734318672437,0.3072755284882558,3.062336850162999,-1.992727081572071,1.5995543654438091,5.552404802271181,1
0.45270283728916183,2.242739284649383,-0.09917046089240955,2.0557103647205754,4.57465891773338,-2.408427529566581,3.1388995048802575,-0.9720911259228315,-1.0433083240518068,2.7325721064356845,3.0492142415350467,-2.5061679177506484,-1.0770520540490696,-4.005874368822978,3.5839317172935816,2.424180055171152,0
-0.23923996646804302,5.875311175602481,-3.7284321676476244,-4.03451199631912,-3.7489837176944323,0.9218423426734659,2.785775875267098,-0.5723623089248941,-3.0349397509226375,4.7613720846841625,-1.7484253462174792,1.923347114528608,-1.5126918897605655,2.9656779226181573,0.6055577822111884,0.45817023226009024,1
-1.768129997327508,1.0760853234470573,0.3348459874909352,-2.1762040425993905,1.5093429169299135,-1.338186035339281,-0.9133116150037455,-0.041896281465011787,1.2292009046763974,2.110977719826417,2.3100203714282723,1.6124252238137888,2.216360464653973,-1.493212776051203,6.206069012672419,3.425404820047511,1
0.28319164439899336,-1.1586957131929585,-4.145293062587665,0.05798270330901789,1.3210454116779982,3.4799799961201727,1.328767526371191,0.8011064113895436,0.08820982048359505,3.684483559713623,-1.3913798045530665,-3.4265351082475597,1.0230332227534862,-3.6548688167128525,0.4707503969597885,5.957672186566397,1
0.4105180768793707,-4.43999022245244,-0.5303161172214317,-0.3697926641009084,-1.361811082348078,2.0352859695702343,0.016993593852135613,0.39043788465005536,3.215934752711727,-0.27865222869454254,2.7461707589571014,1.3502171217474082,-0.7043533621422722,-0.9349082252266047,-4.365184139242929,5.6815005055168335,0
-1.1538820082682162,-1.8849927094879013,-2.5451131839513925,-1.5483428707453761,-0.08909030193219758,0.6781341764961832,0.4987818526853032,-0.3769313372344151,-3.322277353384353,-2.792341783770116,-4.763637952320078,-2.364357088969425,-0.3387435675212316,3.0470949291715286,-0.7079127297387566,-2.9209490151141084,1
-1.5518132612510653,-2.3252699919564987,-0.4110681682996532,-0.7548694621441516,3.9639588226033453,-2.5548869989830183,0.056807729246115546,0.917144032542706,0.6707640571564253,0.5828528092710838,1.3973053934447006,-1.0363881695710626,-0.7875064071880526,-1.3411654889704352,4.431195561540423,4.371599005414579,0
-3.631217517032558,-1.062917146839669,-0.6107266499514112,1.2143222128841953,2.6649847838143366,2.073307858881958,-0.02805711179120407,0.8601478220801184,2.0488677653761656,-0.20954672814044084,-0.28448160547502566,5.741920579578698,1.9788067705274441,-1.0251863355998028,0.1094209253369165,-0.6966104345035036,1
-0.2500577872348746,-2.867330598204176,-1.0120714931983787,-1.3976206964967768,-3.5905887472710676,-0.8463592337539279,2.943133365728478,1.1554790017505325,-0.6581078392103601,3.46900308673009,5.414428125791948,0.4153153020599749,3.487006041758708,-0.29178572345386233,-2.1545959405571304,-1.1050274473136519,0
1.3261186304619805,2.421167142609515,3.378887590764318,-1.3949783583493105,-1.223167662666242,0.7298669450041786,0.017584516851010146,-1.8606629012467755,3.4826126554990835,1.0826198319469609,0.2766808272621172,-0.7502242936044619,3.7054919179815067,1.4607705896555037,-1.264547925838506,2.38666363162187,0
0.21832248642522312,-1.8251773566027008,-4.180370242638039,3.070660964362295,2.004302476296503,1.2219221809327987,2.2352102988766474,2.4182151293211107,2.0956629943084195,1.0784404594487358,-1.4133997512044432,1.5866744214811401,-2.591681446603162,0.5612652012823305,0.4178817796442891,5.921173710353553,0
2.576702550209094,3.250131665518002,-0.4708604569496363,-2.286177412528774,1.23057615291599,0.45052273844456536,2.5932847331859006,3.0125144011009275,-1.956933246059497,1.004811201853507,-1.2345318533852543,0.24301191820660306,-0.10091434544666333,4.3362126686239195,-1.0525157821421876,0.30222521573806227,1
4.005683176884053,-5.221592971483451,0.6065793271139572,3.092636884066582,2.730422128324445,2.7817716220493964,1.2301903234033156,3.485404612278765,0.4878034132722735,0.9523121564882765,0.9196396663858382,-2.8105633220642487,-1.188763786303082,0.853757068026558,3.887796923988712,3.587451938324975,0
-5.240969827240003,-2.7420193495716365,-1.3223711754340421,0.413233406366333,1.0634903989707396,0.6223706113291207,-1.0904350151924769,-1.596144673355791,-2.672272477822993,-2.0578396624515296,2.2705407230177395,1.9223383509164567,0.7123127221348917,-2.627259328286678,-3.079147605301744,0.81537922466558,1
-1.2750891717395978,0.7113521942908314,-5.055300478600879,1.6524889900903892,-0.06929966746719773,-2.5633160099735584,-1.4919857704106785,1.234741415143528,-1.8195708352715405,-1.264046950174267,-0.5471454675800538,-0.7758644244509096,3.2976465970704814,1.4210731630022153,-2.0891755659749256,-1.0947749375867408,1
-0.2345400403313096,2.7382288229599943,2.6544740250233296,-0.815604818608387,2.386441458804934,1.782637134356234,-6.626204662146266,0.6021879029497909,-1.1700389927074366,3.4382086762096002,-0.7142745812077751,-1.6524131194711689,-1.9458816509594774,1.8525273181647903,-0.2551908887855918,-2.001114467375854,0
-3.474808757708004,4.33069393974522,-2.711011822255965,1.4110043138535433,-3.746749930940874,-1.1735787247908303,-1.4625734036257123,-2.988353874235335,-0.8466073173440682,-1.7553604077234528,-1.1994332896620494,-2.874119366798409,0.9152798227424792,0.37832711291273413,0.9774143100381141,0.046712054502062506,1
3.2828039023401976,1.2531440663671578,-1.02064867180551,-2.6756980345237573,2.5089759846382016,-0.04731771041538746,3.4106446617108643,-0.8209149759400861,2.921091594710136,0.9130036356141584,0.9000893274546187,0.8055317022842337,-1.2650745304975404,2.6719463941222426,0.9496971409965016,-1.6251185282738838,1
-3.017149298502849,1.983617046030131,5.505902949387484,-3.604230843506605,5.149390767744639,3.3526669446731967,-2.033872762627672,2.6389439498367966,3.4136249035535133,3.577233996519045,0.7722955493157084,-1.0028358597748543,2.297888304165129,1.5183412284529267,3.2637516633191965,2.0783379621732396,0
-2.6982112005904386,-2.249463286204679,-2.0091346289039795,-1.574703668099027,-3.761704708550039,2.7659021746933594,-0.5191938550913648,3.584415445151875,-2.0185091660095997,-2.927635102539182,-1.943496729208824,1.7303412249845236,-0.5877384396317809,3.2432546996309437,-1.3225083786228333,-2.26006570912823,1
-2.973531196923331,1.9086514158049543,2.0462723423447065,-1.6031235198940612,-2.2506603844737985,-0.08536674597907057,3.7211707756879786,-0.7563422806268683,-2.0399446864377517,0.9658088992620983,-0.24778721015621108,2.324917765729985,1.7628491678257918,0.3527611647767862,-2.0332138206619943,-1.841467545179241,1
-4.45313519703566,-0.5088082756338452,4.6066685156237135,1.6591910241129022,1.396946556886716,1.4139575084860136,-1.7392061202463407,0.3345370179382935,-0.33849782617376056,1.8647132716308876,1.9261755075234204,0.5062499294814364,-1.9953150874278467,-3.283911677419998,-1.5395620959211311,6.410567789311245,0
-2.593879460010644,-1.686805962835531,-0.981262736778159,-1.1686411289815817,-0.5862667334674236,-0.0004684306041466968,-2.1151019097158703,-1.9040596097586566,0.9925256854629207,-2.71002596001507,0.9463398302360713,-1.3096048275427457,0.2938299544554863,-5.123049506232638,0.3113936605791232,-0.5685216919611671,0
1.8825920303988084,-0.950677351128995,-1.2117065077567022,-0.6324560087741031,3.3003810448661968,-0.8691207182274252,-1.529605085900767,-0.17052158012047203,2.065892786525668,0.9533711837264416,1.245409294878035,2.3386175400023737,0.9075951077392446,3.1304855692302964,-0.3699320651322118,3.421640093266408,0
-4.3729816220817375,-0.3857832962947527,-2.956336486403183,2.8548515047199103,3.197776696730146,0.7665923657533251,-1.4032868308114215,3.939842536084843,-0.17070285072048197,-3.1385358775875267,-2.7506196086368275,-2.3060996489323675,2.0244571465042687,-4.209448428505048,-0.36004863498958517,-0.45811903242689045,1
-0.40638045348070284,2.232410638004466,0.6431395984475725,-2.649661726126057,-1.2638874059838439,0.4455179420720006,1.4361425207960852,-0.05061207843315185,-1.7600578357043202,-0.5487833198244216,-0.6358127911398244,0.46442122016347276,-2.4306415179553422,2.175664459884941,-1.1569358522821385,-3.4431888898104543,1
2.279689630086889,-2.2346460138114783,0.3876723851909176,0.48285979774655985,-2.0206652517540125,-1.678398454391033,-2.511211204384114,0.729082123676533,0.7537378530093989,-0.7005416786634728,2.0570231415366917,3.530654926595138,-0.48605135255217424,3.6834718940356126,-0.8831589448052334,1.2681888925415539,0
-1.378479333730093,1.7152545013338505,0.27813357376779035,-2.6183619411759373,2.7681382143448503,0.6035391050299523,-0.5518900594944693,-0.5791524124795744,0.738132850759182,-4.876899665037614,1.1543467075941032,-3.0899044866659686,-5.302385410237254,-0.6635984745820648,2.9159873045488576,1.0027338398860048,1
4.577929694299927,-3.11850957413553,-1.0548111028864477,2.3131302463560797,0.28170686971756653,3.1062649425258932,1.4358815595414234,3.3533634668786254,1.2029735307801426,3.4606123954666406,-0.20967734264289928,-0.6498572108834022,-0.2642301357183525,3.65849246675736,2.094012039502373,2.975002179702761,0
-1.5985624563691094,-1.7120420118805986,-0.8562266599198197,-2.0932759822099345,1.2579374645859611,1.3289561242452508,3.763907846679342,-0.5871001293936108,0.5093882859916878,-1.1711317315967482,2.035923104409807,0.8920223327133368,-4.266431379595625,0.050212233029609754,-0.5416968062508556,-0.9005266880237186,1
0.5984383461246232,-2.828558421946881,-2.061929437040881,4.45739355580739,3.5251661994470207,-1.187292489760028,2.1487741712389794,2.541280037665379,-0.9767398643161151,1.077407637569827,2.6858495108004505,1.1485589067343636,4.517477127544485,-2.774697291288569,-1.251634636995023,3.139734084856621,0
3.832443580167026,-1.8868773598951896,-1.9337501452237587,0.9665097640339715,-0.3686075494166501,2.0423723012053165,3.605733211744292,1.4942968863285073,-0.8867875099315359,1.359080813331203,1.3638400720646908,-0.07388486042478615,2.7604280149991993,2.260409836421947,-0.6043985899099049,-2.3752182694098316,0
0.4091319629231487,-0.8624163326329941,-2.0190107842326697,1.076787482679079,0.4416241785562074,-0.6754666365567568,-1.0422752391274177,1.9943256649480103,0.4409050460278503,2.959623944266453,-0.12039165626899795,2.551474580582323,-1.9166295999654213,4.595696787478561,-2.7779960452227876,1.0635237697776618,0
-2.9123165252599374,1.9582612453096568,1.7092106970975278,0.09815625189183674,3.12410632739589,-1.5316809580895314,-0.7655672689620795,1.4927092425770438,1.9491483779835916,-1.1905508519704395,3.0126252108955933,1.2373338427111138,-2.83765881243375,-2.6003514182340046,1.552201609153643,-0.49180191057942757,1
1.5692670914810756,1.1632497264984307,0.7711894826658485,2.722815752872198,1.1291204013472338,3.5872690761130746,-1.056275921669973,-1.320395869980168,-0.6428329222527756,-3.0229023489559355,1.3468671452770886,-2.4827789708484898,-0.22278158762332323,0.613845690154917,2.5035030600035832,-0.8335792565142202,0
1.340907962451225,0.31251405178837377,-3.1976949275391258,-3.6609447245141316,-3.1888418563469703,2.127557037211492,8.00464980413076,3.865111373382705,-1.5638250164293641,5.377348504457633,5.371388426440522,-0.6256002305811774,1.2616679803404356,-1.0796791630106757,-4.841027544183467,-3.0556429038769783,0
2.6630795091262858,-1.2601316788947634,3.2649650521069082,3.4772978083592494,3.0282298812799575,-1.319973974355786,2.2727731299634453,0.781704399205502,-0.42779088290362366,2.0020553640373904,1.1555866279824816,1.2177841680937018,1.7149300281609525,0.3529886155368903,0.6300313860905877,-0.7513617206856462,0
1.601056917335404,-3.8969442606925817,-0.3532318381143804,-0.09858995378841418,1.8522183723441512,-0.8565516863549358,1.784405598823648,-0.5271490684239435,-1.531351336797679,-1.580894906858719,0.7777998848837965,4.834119820670343,-3.474663940037544,2.134304559999492,-0.5125882247274091,-0.3050352454130032,0
-0.3495195306006377,-2.743892929423348,0.6789049807571375,-3.2730590447082233,4.178797080640237,-0.9015741965302405,1.807894442236639,1.8409981582729442,-3.6134462095211397,-0.0967232641917597,-1.972284578653587,0.8520851601202066,0.9197465540060152,1.9279372620658757,0.49840011633579984,0.1200769069541725,0
1.9737467116867111,-0.2927533843254646,-1.9886454788966699,1.6128100030821568,0.769394706633463,1.075455171801787,4.246623977576063,2.549921079819508,2.3932030389866603,2.493779041531394,7.200593288922849,-1.0024578604813095,-1.6142639937677121,-4.466422180585349,-1.0201099654725436,5.951595250893629,0
2.466133535568382,-0.32087842389493204,0.30140302880928715,0.6498927653003277,0.5297759722469344,-3.599656594578379,3.3050573162093935,2.007814790751313,-2.354011374607528,6.7938420849056085,1.362142728964387,5.342963108353196,2.857816585793198,3.4412955719280633,-2.228852801900937,-0.6883085422842454,0
-1.4656079596598772,1.5002481138363783,1.0177049493694024,2.275473888973191,-1.1726733230120643,-1.6246463450993605,-1.483274253265492,-0.2933759142075236,0.3338080690455473,-0.4111880003967525,-0.6948673841599005,2.330227606858135,-3.521133005305372,1.733515915239042,-3.1865149521615765,2.7276168847566895,0
-6.183316342256648,-2.698375713331566,-1.9610235260091362,6.2920551882387254,-2.4564561224419847,-3.992081757709349,0.483853505183524,-1.77844100751979,0.46566702689883566,-3.0907913521088415,3.2302590752731657,-3.863783455608303,-2.1217235969797343,-0.19902081039391883,0.15691115307351722,2.7324873713167506,1
1.2264553780777843,2.006835204259396,-0.8165087690043009,-2.3403901195251,3.223184484482521,-1.078071141444767,1.0841118859846828,1.4196680051976527,0.6055423323003273,-3.119773823469562,1.5371356645884626,-1.7008842786262885,-1.8795114032515055,-0.41979332229166666,3.1404539210505615,1.8783443070763224,1
0.88708812163613,1.6838941787373378,1.2282907575386495,-1.208539126639953,2.059600206454742,1.2695672114905125,-2.307911951963753,-6.231797898666139,2.651643429581571,0.8298141188278809,-1.045090607377759,-1.6958493664879124,0.36718605058609466,3.567836796786398,1.617297525872039,-1.5172432337077284,1
0.2313251326727951,0.9429475211723832,-3.705753870120544,4.5736192592798295,0.8512011221400152,1.6140104499192924,3.9241129032704687,1.939662385456261,1.301566475570037,-1.633089726491106,-0.11365585787914667,1.2354014406941525,-5.14691552614103,-2.004626851267301,2.102564690699115,-3.654837883094735,0
0.3509379167822846,-3.098355378522629,0.6132169188835002,2.272815471906515,0.23574410868432216,1.0412849884016917,-4.858300181679519,-5.659038620201435,2.232439197425043,-6.269176351494586,2.8746805681309473,1.3645150102954993,2.6793908437239407,2.7485506796231185,-0.07661896358641573,-1.2781241049240477,1
-3.7694579721581625,0.6932731533687146,0.7367703589462575,-5.58524746518238,-1.4922679179397673,-2.2895871031978077,-2.6007838680802005,3.7843950860560827,-0.9200105182061908,-0.4897133911438931,1.2649340797798527,-6.083170452553428,-0.9602434363221681,1.1863515756696197,-3.3868957361507612,1.995943028232006,0
-4.083937456734919,-2.543740450419145,-2.661541593747679,-2.27728338665509,-1.7963403480260167,2.0980904460841514,0.5320164233657938,0.3566573748016375,-3.4698237670941037,4.30191620564616,-1.1971796818852822,1.117996338513212,-0.43412701211517124,-2.9495482892599476,-1.7846282521006804,-0.308155885054225,1
-4.410796047804139,-5.492305655938872,3.0484429782311016,-0.6327138387700073,-0.837646245145232,7.695106577493994,0.7183826135352243,0.17803019803898645,0.9816258860428673,-1.554226279581863,2.2108606279880725,-1.1633975793247662,-1.099496659324232,2.4337309862552767,-0.21661859608435052,4.297140666717407,1
0.9685710117525752,-0.7726940769766723,-0.7876784488811395,-3.8852472560469975,2.824500738038258,-2.6683589657011546,0.5277721913417694,0.2097939854772608,1.8480723349147596,-0.01724040744944122,1.3768089717035652,3.73658576483015,-1.5422837478411835,6.12222432018524,-7.967621755114426,2.0751907890067356,1
2.9902744522919815,-0.1522462964958866,-1.5962417952489285,-2.3591295445064975,3.1172017822432436,2.3556344209809366,3.0870210882485836,-0.6128037484733142,-2.2988579604091015,6.2522309736353785,6.073086059567481,0.1617495142599571,1.8906870047134312,0.8585474457689749,-2.7208445152211924,1.521914884296189,0
2.5059634632953616,-2.2144495191190248,-2.085698454745885,-0.4097443574573789,7.2260367167299115,1.4222306970051561,5.238460110635646,-4.325637359633239,4.290469426870146,3.1107434721386573,0.2135394425271684,2.306808397224107,4.740888074975152,-0.9832673656229765,-0.9492017700613226,5.939103192489095,0
3.004087913167214,-1.7663580114102255,4.235378731510216,-1.500669241955044,1.9969580243091065,1.2279344998900923,-2.9275430294389775,2.7231329366438968,5.045966967626902,1.834521426079935,-0.45035262033324686,-2.8505882283281836,-0.7897111425074981,4.604526340191125,0.7775670465973628,3.7561785642702263,0
1.3174885862575132,1.0746678810714347,1.3418366618523696,-0.8790975555070921,-0.6350610364547082,-3.167664460605295,-2.3554017948219546,-2.9072636830339156,1.2214742791425532,-0.8297388609406962,0.5600840562043155,0.3838190003789712,-4.277795538778013,1.042335172472334,-0.3765638645492859,3.2654649910621263,0
4.528161467261734,-1.1216364388076459,-3.534053719076482,0.9235303057719213,-0.4027346202948052,-3.199668124968102,-2.0043462153235456,-1.2345288338594114,0.20986228781369887,-4.467988140351522,-0.46840672460771615,-0.9162791871330835,-0.9404630348048031,-1.2434507670114403,-2.9767062634615455,-3.1165903969990083,0
3.4818506469400323,-0.2999135282031682,-0.11079381939398936,-4.397971602332089,3.280451835462119,2.1648044889908964,-2.0902766945222573,1.9369510259546772,1.0208523260512476,4.125950179719624,1.699636525402938,-0.6120183200091285,4.034703813825761,-2.383906609606235,-1.306946798304642,2.269996143845365,0
3.6728411432228443,2.235833602707374,-0.5149060312881125,1.1489368921319976,-0.1635255932359454,-1.8372912489202604,-3.3596388340726966,1.5321585653773133,3.8073199936135396,2.005644404581864,0.7474496588666961,3.934355404593382,-4.852710295393764,-0.5548064190978241,-1.5516239623270591,1.9916018256144117,0
5.569118253335963,-2.16809838356484,4.429517968393707,1.9282521383827196,-1.1499718137418817,3.1898586214327054,0.5060766970977943,-2.3737031473256276,-0.28960441835593154,-0.0734581628402935,2.6816181689515153,-4.509047724922226,2.5531916541682236,2.0199728207916317,-0.5229521303111355,-0.8514777075493638,0
2.105686236717102,-3.6999169096363405,2.3586132191387326,2.31497769548931,-2.2584002450598213,0.28143846230129355,-2.6596704000942024,4.668017900878455,3.9643464314082593,-8.391930103485798,0.8494930171515664,5.375961265085197,-2.727824525980722,0.5517303264039515,-2.9552410024066647,-3.6618958952726577,1
-1.9118674830180842,-1.1074187560197197,-4.2872352452393105,1.953366250223696,1.1854600346441049,-1.5133313255584442,-0.23727118412105597,2.6993073283612876,-1.5538540581000735,2.111851305224387,3.8098732058920963,2.9856279072410272,0.9253700808497911,-0.09455080210330646,-0.5344051930404845,3.2088605644960984,0
4.793793664359027,1.6984596727216,1.1068646646138003,-3.005504935904705,2.2493895724824577,0.028113791837812707,-1.3093830753543687,1.0204175384341165,0.8087636679701821,-1.9526862425095657,-1.3884531509621203,4.399576655426014,-0.8932370557816842,-3.0904331556962488,-3.2165497612057337,0.9698048753859774,1
-4.912156597608783,0.7188110586862414,-0.4145509689245259,-1.2851979004404588,2.5136130423114587,-0.9439584044541169,-0.2642598288399052,-0.3257004315712998,2.774537583936965,-3.1045909578463786,1.3123127935278176,-0.4897441122570745,1.0677910521050418,1.113023898087644,-1.9628842955026022,2.5495173033838814,0
-0.574669106135907,-1.567442381398655,4.515003959272594,-2.802619675931555,1.521409670905094,2.9078732735532027,1.48043749776017,-3.259637762094096,-5.232612850117172,-3.5726430704956798,0.5868189548149377,-0.571536036739609,-1.5236396658591906,2.0286935308586145,1.9791751240675475,-0.9990970659305725,0
-2.2202646469078147,-1.3825054101089362,-0.03774819674711716,2.632616580108614,-2.5896342231685274,-0.6370396612040898,-0.8424027453219323,-4.172427574071703,-2.771894292210292,-0.31768426506216607,-2.1837794808021336,-2.024193963714269,-4.421446176061446,-1.8750917034745398,-0.13754631348683977,-0.7518263449159015,1
-1.1700782241195984,3.241538718081678,-1.668466026058169,-4.129709511545949,2.79884610291355,-2.5317209558929705,0.7411757409677617,2.538282731601866,-0.48103019179726325,-5.763205676393742,0.4071865919684631,-2.126047616721361,-4.811470778717205,-1.4289620887067755,5.707135583720563,3.3997950662087333,1
0.03881735972606082,-0.10871506613405924,-0.733588833204962,-2.122282278497429,-1.200074946372479,3.6390440386541476,-2.5444286190685457,0.13258778195094556,-0.9271151713981416,-2.7976888369991375,0.4872412690155655,-5.898529432121528,-0.918653730219806,-0.559957115013857,1.8593678912722469,-1.4084579264411277,1
-2.5344424781611865,-0.3578281799322862,-1.8861887895347886,-4.32283717400075,1.7335285801717277,2.937727303277699,1.8989762093588751,1.791557254666327,-0.4285261766970112,0.16447908677863277,-1.212945563470697,-0.9745166520884571,0.40728832287105954,3.1929435650175844,-1.2343965928293361,-2.0779569917281764,1
-2.3552731331234655,1.9863787079778716,-3.595446094930555,2.0398032919710594,-4.514165246776732,-1.1289278679574994,-0.14682485279261304,-5.718243490903809,2.289204814719718,-3.1396268197921153,1.5533738444257859,-1.9310018394682555,2.989461970666618,3.6874556431074503,2.061978073825469,4.410839749271421,1
0.3165011076752384,4.956401993115204,1.0121587648275638,0.626591366671394,2.416010706431421,-2.118043919006798,-1.1802132418799602,-1.9742099703227494,-1.4711750165663007,-0.7798620761408198,1.4720660239117414,0.4720566251111813,0.24647170895254633,2.4853227800836972,-3.955579921336437,1.1518198963964177,1
-0.8045954152065831,-3.279153938901438,1.760180693120284,-0.8452374834408781,-5.006885893404548,-2.9914187059249095,1.241139562959079,-0.6068316649425192,-3.7439669862993936,0.6918495497615047,1.6479065394116748,4.53321162712829,4.029384734223697,0.23384752189675684,-2.1403501060204606,4.73245488760294,1
2.273856086219343,1.2375185211942585,6.533239576330482,-4.139169249843084,0.374284748234895,1.3263349363078458,-0.127428265825543,-2.6227087265005906,-5.442355175052152,3.8540874133010097,-1.418547432050997,-3.069765468605845,2.497349096426027,1.4042549154882966,3.0918558497072848,0.4786473342657631,0
-0.8671154382905213,-6.202017300936112,1.7588568770979784,-1.8625919572919531,-0.9590569546761574,-0.3113450405411635,0.5310139162375143,2.2997214058254754,-0.29980852119356505,-2.4981783248253557,1.383100283673099,2.8332667779642375,-1.9942213310393955,1.1313876039396422,-5.256766354711583,7.8785047415824865,1
0.19471692934837193,1.2287996792071798,2.0605552671536547,1.4833202214922871,-1.669174250922329,4.3940757729505835,0.9374236388335967,0.38705619343344,-3.0690574079579234,0.8713491803338129,-2.5321539056965054,-0.31806496061865797,-0.6427251083866996,1.7536329137151414,-0.44990490180557186,2.6402593779095924,1
-1.7537681627307489,1.8989900483054294,1.090359436844195,-1.1807041652599075,-3.1907013859137887,1.7817697596249662,3.778642176204754,-0.9470064481536169,-2.0987501401754645,0.951178402060722,-0.7427965420157585,3.915039614809661,1.4556625202583464,0.577640391601936,1.240773394207626,-1.2988884312427578,0
0.12263188509385026,-1.5334277420862956,-0.9383741997467014,-1.8504484029439086,-5.449037268169392,1.363909958150376,3.697901949210409,1.6199112376144251,0.10079688709801016,0.6440917260878609,-1.5530819764459842,5.730919100462173,0.455820001616845,1.5493401132435651,-0.7460231251698308,-3.255222104421784,0
3.995722516530106,-4.850959294889197,-0.6083619300193598,4.689773521905069,1.9093098480233255,0.7099189183924066,-1.3828344348244896,1.7240590403264617,-1.2997848824473142,-3.0138872345314054,-1.7321668030062294,-3.2022524475348244,-1.314442383301305,-0.8643966268939121,2.692151066781376,0.7681577207250929,0
-3.993285753660656,-6.100239136573932,-1.0115951612575562,2.5042501147005005,6.870456265759402,0.6884297115803525,1.9478326082823612,-1.3088050442600196,-1.178246973472735,1.9099023741926657,2.0228272970564967,-4.9288213786987365,-1.590615200393211,-3.119768643680528,4.271784071166872,-4.471995812271041,1
1.3411356469820213,0.32851845986292627,5.162580667068397,-3.012395546245786,-6.561286216174818,1.113118183281738,-1.1472865993680128,-6.017496835630667,3.9823661669491384,-3.815702990172327,2.54204512381616,-6.9369364433813105,3.1407675252380223,-1.1685754121340906,-1.014197460977777,-0.26532134884856273,1
-1.1846604275812411,-3.0449083754698436,-4.321034456156254,-3.3306607015594523,4.974956862577626,-1.8793850431304242,1.9034720761015511,0.24829419591064839,2.5785396757380346,4.89537675599035,1.467993529287083,7.961056781753724,-2.776588641009586,3.29295279851719,-3.3980815890236253,-2.388835264835465,1
-1.3447161341649139,-0.5376051604301724,2.9127109330796497,1.1010438499674882,1.5270115806227413,-0.45096484249222213,-0.04527688236169958,2.202699981639906,2.8830532942013756,3.593380149838165,1.7194577575806649,0.002295835742685659,0.3560076061178692,-1.7716733579981716,5.5685525805030185,3.6356603108027543,0
-1.0780214144150024,2.180200379603756,-0.8526731611782907,-1.1515788866154373,-0.29471684754688643,0.24884323620603133,-3.12401192586286,-3.0967949720841554,4.600946848166059,3.8575230408090286,1.1537111985411075,-0.8655030470821893,1.0498054964424053,0.3700529573139639,-2.1302327267846275,-0.5554602194726879,0
-0.04359763643465431,2.3391701416246047,1.8275511218321827,-1.4928484416642278,0.3224343676042024,-1.0599747852052557,-3.4298788178858923,2.7513129415331896,1.0444375182006136,3.8134107145957135,2.7626454041139463,-0.7355644467442208,-5.670145943465214,-0.17623845802487925,-3.019579205414867,3.599314197034292,0
-0.06794016321186946,0.064226509939872,0.32689398811840886,-1.365573739716751,-0.22615799555859817,0.895156852511268,3.679266373374672,-2.140909820541576,1.3098970117833941,2.6537436250826865,1.1579985077339894,2.1451377729358008,2.9872264435059894,-2.457432125632822,1.4507814737487612,-0.08241044944787213,0
0.0960577967263554,1.650272442913535,-1.0729788701840803,2.655639515498317,-1.5323080881344184,0.2598650670834759,-3.1304214314289873,-1.329608724465603,1.7593084098300653,3.9995121470663872,3.0367723161163713,1.475389667828992,-2.7706594722615607,2.5370357393172416,1.7749813475437612,0.6247792429395772,0
3.7040927095013023,-1.536155067677649,0.11054015380247462,-3.3582051604598977,-1.3280079475993207,1.7525825545682805,-0.8615401790925863,2.464357333221788,-0.41797814732562566,-1.2894525768516458,-2.2470956445028043,2.082287339428982,-0.004206175002713808,3.1053968602430886,-0.7947123230086465,5.6842649217991275,1
2.8961543594965393,-1.636685321748041,0.7210594693040728,-0.829161444899748,-0.5601766719630912,2.995277392587292,-1.864860395372066,-0.7090257338334718,2.7084344257426864,-0.898186146574562,1.4255428240395005,5.765453242968085,2.4578761553878627,5.24016726325892,-0.24041790780612038,3.067161454881582,0
-0.8055374634538855,-0.25760542677946185,0.3732270667747035,3.3080648620398545,-2.8164522140848636,-1.6745800446018166,0.5566970747052231,0.8100818964200278,-0.5188177104384564,-2.8247244051176006,1.2759799178585136,3.622294310306259,-1.4967130025719588,-0.019503060861709276,-1.9977675985646857,1.6776393869581057,1
1.3636748002771406,1.9637497068387653,-5.186708516546087,1.1634295081470714,-2.838743668076288,6.806551787979969,0.6696435313434532,-2.1652250747185042,0.9457153993755465,0.14025316912733476,-3.3061155457244586,-8.498679455950942,-5.217205135134376,-1.161856241253754,1.2018647844577846,-1.23643017414884,1
-0.5413722122731657,0.6019254548306903,-1.7474405512178652,1.2917547250869887,-5.109937347403437,-4.852430730674712,3.923889376415208,2.426034178432107,0.5370776138687059,2.9755092803040855,-1.515717788223803,1.87890932405503,-6.1161434006779745,-0.7033505981320263,1.4838766424106669,-0.0112291241199034,0
-4.257330844606505,-7.11976101375392,2.8668953259141294,-3.080446416617137,0.8063343288448439,2.707365827578347,-4.983552294197874,0.4746659519046017,0.9815149392768956,-3.138640531345818,-1.873879812421714,1.158277297645253,4.157602055251908,4.0582876598130735,-4.388089407508723,-1.661855630355042,1
-0.019943777037500166,1.7177868540827923,2.19225120721259,0.8285310433871773,0.035222147201901643,1.0351309031849185,2.795698532245392,-1.4730829510698462,2.8680206193854927,4.248788179822554,2.645513952752255,1.8975932534181825,2.881210444011215,-6.758775398592949,1.4922976725479713,0.06407522468660676,0
2.4690134816600082,-5.034303947485336,-2.1414835856094907,-1.3437423071394314,-2.736279543444398,-1.5738922844579686,-0.7107629432033209,-0.06127117265258586,1.3656503990258513,0.14206455515828664,0.8059629865663342,-3.1386805305619525,-1.7361846284096467,-2.208798460254465,-1.8372333072094835,-2.740057901892299,0
1.7033536004884016,-3.7366391075332364,5.829209031169558,-2.2768040939435834,-0.9146283058713425,2.2434033297964397,-5.656656300596295,-1.0915984472181588,4.381125645933459,-3.3764001798301266,-2.163935853667919,-2.731225708572054,-0.31628494523755957,2.844101027198648,-1.8181008468290902,0.08909115544973156,1
2.2906141348265754,-1.0300911591686681,5.469761822639028,-2.4036453480075943,1.0688300080770836,1.4240847962791339,-0.8839509675034534,-2.2367964350994574,6.672672935505624,-2.963271990682882,0.4088701100302329,2.2156372934199795,-3.254634440128959,1.592713963218218,-3.437396395531354,-3.3492315103990213,0
-5.460453477725829,1.5554284360846655,1.612348554220107,-1.0732791084622058,3.291672687907666,-1.4178677887714,-1.8647893880831496,-1.2181733032434932,-5.2063001923013745,3.2357846423537024,-3.326311740532292,-1.1701232988035617,0.3087867557215187,6.3182752889536,-6.796630873619541,-0.45924853493117135,1
1.4471345411922851,0.37074654918565875,-0.86885987172721,2.782943037593273,2.0918791809701025,-1.0442154558486951,0.06683699673229193,1.2351797003706781,3.0091555723469146,-1.1008692709021228,-3.759018404019537,1.9719304788189285,1.1168814492264896,2.6452344238558125,2.1779007158780983,2.3467951104149254,0
